0.296983
-1
-1
-1
-1
-1
84 32
-1
-1
-1
0
-1
-1
-1
1
1
1
0
-1
-1
727 10
-1
-1
0
-1
-1
0
0
0
-1
-1
-1
-1
-1
0
-1
1
-1
3450 9
-1
0
-1
-1
-1
-1
-1
-1
1
-1
0
7448 42
0
-1
0
1
-1
-1
-1
-1
0
-1
-1
-1
1
-1
-1
-1
-1
-1
-1
-1
-1
-1
-1
-1
-1
0
-1
-1
0
-1
0
-1
0
0
0
0
0
-1
-1
-1
-1
0
-1
0
-1
-1
0
0
-1
-1
-1
1
-1
0
0
-1
0
-1
1
-1
-1
-1
1
1
-1
-1
7356 1
-1
-1
-1
-1
0
0
-1
-1
9043 35
-1
-1
-1
-1
-1
-1
0
802 22
-1
-1
-1
0
-1
-1
0
0
-1
-1
1
-1
0
-1
-1
-1
1
-1
-1
-1
-1
-1
1
-1
0
-1
-1
484 24
-1
-1
0
0
0
-1
-1
-1
8982 17
0
0
1
1707 38
-1
-1
1
-1
-1
3760 25
-1
0
-1
-1
0
-1
-1
-1
-1
-1
-1
2487 34
-1
1
-1
0
-1
-1
0
0
0
-1
-1
-1
-1
-1
-1
-1
0
-1
-1
-1
-1
-1
1
-1
-1
0
0
-1
-1
-1
1
-1
-1
-1
0
0
6749 11
-1
-1
-1
0
0
-1
-1
0
-1
0
0
-1
1
-1
-1
-1
-1
0
-1
-1
-1
0
-1
-1
-1
0
-1
0
-1
-1
-1
-1
-1
-1
1292 32
-1
-1
0
-1
-1
-1
0
1
0
9113 13
-1
0
-1
0
-1
-1
-1
0
-1
-1
-1
-1
1
0
-1
-1
0
0
1
0
-1
-1
-1
-1
1
0
0
-1
-1
0
1
-1
-1
0
-1
-1
-1
-1
0
1
-1
-1
1
-1
-1
0
1577 10
-1
0
0
0
1
1
1
-1
-1
0
-1
-1
-1
-1
-1
-1
0
-1
-1
-1
-1
0
0
-1
-1
-1
70 1
1
-1
0
-1
-1
-1
0
-1
-1
-1
-1
-1
0
-1
-1
-1
1
0
-1
-1
-1
-1
-1
-1
0
-1
-1
-1
-1
0
-1
0
-1
0
-1
-1
-1
-1
0
-1
-1
1
-1
0
-1
-1
-1
0
0
0
-1
7358 23
5955 18
0
-1
0
0
-1
0
-1
-1
-1
0
4467 41
-1
-1
-1
-1
-1
0
-1
-1
-1
-1
-1
-1
-1
-1
-1
-1
1
-1
-1
-1
-1
-1
-1
-1
4411 40
0
-1
-1
1
-1
-1
-1
-1
-1
-1
-1
-1
-1
-1
-1
-1
-1
-1
-1
-1
-1
-1
-1
-1
-1
-1
6152 10
0
-1
-1
-1
0
-1
-1
1
-1
-1
1970 5
1
0
-1
-1
-1
-1
-1
-1
0
-1
1
-1
-1
0
-1
3089 27
1
0
-1
-1
3740 24
-1
0
-1
-1
0
0
-1
-1
-1
-1
-1
-1
-1
1
1337 2
1
-1
0
-1
-1
-1
0
-1
-1
-1
1
-1
-1
-1
-1
-1
0
0
-1
-1
-1
-1
-1
-1
-1
-1
-1
0
1
-1
-1
-1
1
-1
9668 7
0
-1
-1
0
-1
1
-1
-1
-1
7206 10
-1
-1
-1
-1
0
-1
0
-1
-1
0
-1
-1
-1
-1
1
-1
-1
-1
0
-1
0
-1
-1
-1
-1
-1
0
5064 27
0
0
0
1
0
-1
4517 18
1
-1
6878 29
-1
-1
-1
1
1
1
-1
-1
-1
0
-1
-1
0
0
1
-1
-1
1
-1
1
9003 4
6442 36
4174 0
-1
-1
8638 9
-1
-1
-1
1
-1
-1
2726 18
-1
-1
1142 31
-1
-1
-1
-1
-1
0
-1
0
-1
1
-1
0
-1
0
-1
-1
-1
0
-1
-1
1
-1
-1
1
-1
-1
-1
-1
-1
-1
-1
-1
-1
0
0
-1
6920 6
9019 17
1
-1
-1
-1
0
856 25
0
0
0
0
-1
-1
0
0
-1
0
-1
-1
-1
-1
-1
-1
0
-1
-1
1
-1
-1
0
-1
-1
-1
-1
-1
-1
0
-1
0
-1
3830 20
0
5568 19
-1
-1
-1
-1
-1
-1
-1
-1
-1
-1
0
0
0
-1
635 26
-1
-1
-1
-1
-1
0
-1
-1
-1
-1
-1
-1
-1
-1
-1
0
-1
-1
-1
-1
0
1
-1
-1
-1
2569 6
0
-1
-1
-1
1
-1
0
-1
-1
-1
1
-1
-1
-1
-1
-1
0
-1
-1
0
0
-1
0
-1
-1
0
0
-1
3064 15
0
-1
-1
-1
-1
-1
-1
-1
-1
0
0
-1
-1
0
-1
-1
-1
-1
-1
0
1
-1
-1
-1
0
-1
-1
1
-1
0
-1
0
-1
7048 20
-1
-1
-1
0
0
-1
1
-1
-1
-1
0
-1
-1
-1
1
-1
-1
0
0
-1
-1
0
1
-1
0
-1
-1
0
-1
755 14
-1
0
3128 25
-1
-1
-1
-1
-1
0
-1
0
0
1
0
-1
-1
-1
-1
-1
1
0
1561 30
-1
-1
-1
1
0
-1
9332 27
-1
-1
-1
-1
0
-1
-1
0
-1
-1
6395 22
0
-1
0
1
-1
-1
-1
-1
-1
-1
-1
-1
-1
0
-1
-1
-1
-1
-1
-1
0
-1
1
0
0
-1
-1
0
-1
0
1
-1
-1
-1
-1
-1
-1
0
-1
1
-1
0
-1
0
-1
0
-1
-1
-1
-1
-1
-1
7141 8
610 2
-1
-1
-1
-1
-1
-1
-1
-1
-1
-1
5776 28
0
1
0
0
0
0
-1
-1
1
-1
-1
0
-1
-1
0
0
-1
-1
-1
-1
-1
0
-1
-1
-1
-1
0
-1
1
-1
-1
-1
-1
-1
9405 33
-1
-1
-1
0
-1
4322 19
-1
-1
-1
-1
-1
-1
-1
866 40
-1
-1
0
-1
-1
0
-1
-1
-1
-1
0
-1
1
-1
-1
-1
1
-1
-1
1
-1
-1
-1
0
6188 0
-1
4252 9
0
-1
0
6360 24
-1
-1
-1
-1
1
-1
0
-1
-1
-1
-1
0
-1
-1
7298 22
-1
0
0
-1
-1
-1
1
-1
-1
-1
-1
0
1
-1
-1
-1
-1
-1
-1
-1
-1
0
-1
1
-1
-1
973 10
-1
-1
0
-1
-1
-1
0
1
-1
-1
1
-1
0
0
5286 38
-1
-1
-1
-1
0
-1
-1
1
0
0
0
-1
0
-1
-1
-1
0
-1
-1
-1
-1
611 36
1816 26
-1
-1
0
-1
-1
1
0
-1
1
-1
-1
-1
-1
0
-1
1
-1
0
-1
-1
-1
-1
0
-1
0
-1
1
-1
-1
-1
1
-1
0
-1
-1
0
-1
-1
-1
-1
-1
0
-1
0
0
-1
0
-1
-1
-1
-1
-1
-1
-1
-1
-1
0
-1
-1
0
0
-1
-1
0
-1
0
-1
-1
0
-1
-1
-1
-1
3482 28
-1
0
-1
-1
0
-1
1
8171 32
0
-1
-1
-1
-1
0
-1
0
0
-1
7765 20
-1
-1
-1
-1
-1
-1
-1
-1
-1
0
-1
-1
0
-1
-1
2453 22
-1
0
0
0
8413 10
-1
-1
-1
7830 14
-1
-1
1
-1
1
0
1
-1
0
-1
-1
0
0
1
-1
-1
-1
-1
1
-1
-1
-1
-1
-1
0
-1
0
0
-1
0
-1
0
-1
-1
-1
-1
-1
-1
1
-1
0
-1
-1
0
0
-1
0
-1
-1
1
0
-1
-1
-1
-1
-1
-1
1
0
-1
-1
1
-1
-1
-1
-1
-1
-1
1
-1
8798 28
0
1
3694 27
0
-1
-1
-1
9682 26
-1
-1
-1
-1
-1
-1
-1
0
-1
-1
-1
-1
1
-1
-1
-1
0
-1
-1
-1
-1
-1
0
-1
-1
0
-1
0
-1
-1
-1
8984 11
1
-1
0
0
-1
-1
0
0
-1
-1
-1
0
0
0
-1
-1
-1
0
-1
-1
-1
1
-1
2676 36
0
-1
-1
-1
-1
-1
-1
-1
-1
-1
0
1
-1
-1
-1
0
-1
-1
1
-1
-1
1
0
8572 19
-1
1
-1
0
-1
1
-1
-1
0
-1
-1
-1
-1
-1
-1
-1
-1
-1
-1
0
-1
1
-1
1
-1
-1
703 30
-1
-1
-1
-1
0
-1
3171 39
3124 8
1
-1
0
0
-1
0
-1
-1
-1
-1
-1
-1
-1
-1
9513 17
-1
0
-1
-1
8038 36
-1
-1
-1
-1
-1
-1
-1
1
-1
0
-1
0
0
-1
-1
0
-1
-1
-1
0
2918 34
-1
3356 10
1
-1
1
-1
-1
0
-1
-1
-1
0
-1
1859 4
1967 26
5272 12
-1
-1
-1
-1
-1
8071 6
-1
-1
1
-1
0
-1
-1
0
-1
-1
-1
-1
-1
-1
-1
-1
-1
-1
-1
-1
-1
7287 23
-1
1890 12
0
-1
-1
0
-1
-1
-1
-1
1
-1
1
6876 26
-1
8830 26
-1
-1
-1
-1
2168 36
0
-1
-1
-1
-1
-1
-1
-1
-1
-1
0
1
-1
-1
-1
-1
-1
-1
-1
-1
-1
-1
-1
-1
-1
-1
-1
-1
-1
-1
0
0
1
-1
-1
0
1
-1
1
-1
-1
0
-1
1
-1
1
0
0
-1
-1
-1
0
-1
0
-1
0
-1
-1
-1
-1
1
-1
-1
-1
-1
0
1
0
-1
879 10
0
-1
-1
0
0
0
-1
-1
-1
-1
0
-1
-1
-1
-1
-1
-1
-1
-1
-1
-1
1
-1
0
-1
0
2378 19
-1
-1
-1
-1
734 43
0
0
0
6245 13
-1
0
-1
-1
-1
-1
-1
-1
0
-1
-1
-1
1
-1
-1
-1
-1
1
-1
-1
-1
5098 39
0
-1
-1
1
9874 31
-1
0
1
5338 14
-1
-1
-1
0
0
0
0
0
9056 20
0
-1
-1
-1
-1
0
-1
8968 33
-1
-1
-1
-1
1
-1
1
-1
-1
-1
1
1
-1
-1
0
-1
1
-1
-1
0
-1
-1
-1
-1
1
-1
-1
-1
0
-1
-1
-1
-1
-1
0
-1
0
-1
-1
-1
0
-1
-1
7453 19
1708 35
-1
0
-1
-1
-1
-1
-1
-1
-1
-1
-1
-1
-1
2033 13
-1
-1
-1
0
1
-1
1
-1
-1
0
-1
-1
1408 13
-1
-1
0
-1
-1
0
0
-1
-1
-1
-1
0
0
0
0
-1
-1
-1
-1
-1
-1
4076 42
-1
0
-1
-1
-1
-1
1
7475 17
-1
-1
-1
0
0
-1
-1
-1
0
-1
-1
-1
0
1
1
-1
-1
3249 20
0
-1
-1
-1
-1
0
-1
1
-1
-1
-1
-1
1
-1
-1
-1
-1
-1
0
-1
1
1
4288 11
-1
-1
-1
721 20
0
-1
1
0
0
1
-1
-1
-1
0
-1
-1
0
-1
0
7241 27
-1
-1
1
-1
-1
-1
-1
-1
-1
-1
-1
-1
-1
-1
0
1
-1
-1
-1
0
1054 25
-1
-1
777 32
1
0
-1
0
-1
-1
-1
-1
-1
1
-1
0
0
5645 5
-1
-1
0
0
1
-1
-1
-1
-1
-1
1
-1
-1
-1
4640 34
-1
-1
-1
-1
-1
-1
-1
1
0
-1
-1
-1
1385 4
-1
-1
-1
-1
-1
0
-1
1
0
-1
0
1210 44
-1
7919 20
-1
-1
-1
0
-1
-1
9544 19
0
-1
-1
0
-1
0
-1
-1
-1
-1
-1
-1
-1
0
-1
0
6387 11
-1
-1
-1
0
-1
-1
-1
0
0
-1
0
0
-1
-1
-1
-1
-1
-1
0
1
0
8725 33
-1
-1
-1
0
9520 19
1
9127 30
1973 36
-1
0
7138 43
0
0
0
0
0
0
-1
0
-1
-1
-1
0
-1
-1
0
-1
-1
-1
0
-1
-1
0
-1
-1
-1
-1
-1
-1
-1
1
-1
-1
0
-1
-1
-1
-1
744 5
-1
0
-1
3191 39
-1
-1
-1
7373 11
-1
-1
0
0
9639 12
-1
-1
2817 10
-1
-1
-1
-1
0
-1
-1
-1
-1
-1
-1
-1
-1
0
0
-1
0
0
-1
-1
-1
-1
1
2810 9
-1
-1
-1
-1
-1
-1
-1
-1
-1
-1
4773 10
-1
-1
-1
-1
0
0
0
-1
9158 10
0
0
-1
0
0
-1
-1
7259 32
-1
-1
0
1
1
0
1
-1
0
-1
0
-1
-1
-1
0
-1
-1
-1
0
0
-1
-1
0
-1
-1
-1
0
-1
-1
-1
-1
-1
-1
-1
0
-1
-1
-1
-1
0
0
1
1
-1
-1
-1
733 12
-1
-1
-1
-1
-1
0
0
-1
-1
0
-1
-1
0
-1
-1
-1
1
-1
0
0
0
-1
-1
-1
-1
-1
-1
-1
-1
-1
-1
-1
0
-1
-1
-1
-1
0
-1
-1
0
0
0
0
-1
-1
4942 29
-1
4804 26
-1
-1
-1
-1
0
-1
-1
-1
0
-1
1
-1
-1
-1
-1
-1
-1
-1
-1
-1
-1
-1
-1
-1
-1
-1
-1
1
-1
-1
-1
-1
-1
-1
-1
-1
-1
-1
-1
-1
-1
-1
-1
0
0
-1
-1
-1
-1
0
0
-1
-1
0
0
-1
-1
1
-1
-1
-1
1
-1
7189 32
-1
6526 31
1
-1
-1
239 11
-1
0
-1
-1
-1
1
-1
0
-1
-1
-1
6411 19
0
9826 5
-1
-1
0
3132 24
0
-1
-1
-1
1
-1
0
-1
-1
-1
-1
-1
0
0
1
-1
-1
8742 8
1
-1
-1
0
-1
-1
-1
-1
-1
-1
-1
-1
7641 31
-1
-1
0
-1
-1
-1
0
-1
-1
0
0
-1
0
-1
0
-1
-1
-1
-1
0
-1
0
-1
-1
-1
-1
-1
0
-1
-1
0
-1
0
-1
-1
-1
0
-1
0
-1
-1
1
0
7257 24
-1
0
1
-1
-1
0
-1
0
-1
0
0
-1
-1
-1
-1
-1
0
-1
1
1
-1
-1
-1
-1
-1
-1
0
-1
-1
-1
-1
-1
-1
0
-1
-1
0
0
0
-1
-1
0
0
-1
-1
-1
1
-1
-1
-1
2968 19
-1
1
-1
-1
0
-1
0
-1
0
-1
-1
-1
-1
-1
-1
-1
0
-1
-1
-1
-1
1
-1
-1
-1
-1
1
-1
-1
-1
0
-1
3114 15
-1
1
-1
0
1
0
5084 15
-1
0
-1
1
-1
-1
1
0
-1
-1
-1
-1
-1
-1
-1
-1
-1
-1
-1
0
-1
0
-1
-1
-1
-1
0
-1
0
0
-1
-1
-1
-1
1
-1
0
-1
-1
0
2397 4
0
0
1880 41
8401 18
1
-1
-1
-1
-1
-1
-1
-1
-1
-1
0
-1
0
-1
-1
-1
0
-1
-1
-1
-1
-1
-1
1
-1
-1
-1
-1
-1
-1
-1
1
-1
-1
-1
-1
0
-1
-1
-1
-1
-1
-1
0
0
0
-1
-1
-1
-1
0
-1
-1
0
1
-1
3478 3
-1
-1
-1
0
-1
-1
-1
-1
-1
-1
0
-1
729 29
7546 12
-1
1
-1
1
-1
-1
-1
-1
1
-1
0
0
-1
-1
-1
-1
-1
1
-1
0
0
-1
-1
-1
0
-1
0
9040 7
1
1
0
-1
9794 19
-1
-1
-1
-1
3638 9
-1
0
0
0
-1
0
0
-1
-1
-1
1
0
-1
-1
6127 39
-1
0
0
-1
0
-1
-1
-1
-1
-1
5419 31
-1
0
-1
-1
-1
-1
-1
-1
0
-1
-1
0
0
-1
-1
-1
0
-1
0
-1
-1
-1
-1
-1
0
-1
-1
-1
-1
-1
0
-1
0
0
-1
-1
-1
0
1
0
0
-1
0
-1
-1
-1
-1
-1
-1
-1
1
0
-1
-1
-1
-1
-1
0
1
0
9124 36
-1
-1
0
1
-1
-1
1
0
0
0
0
-1
0
-1
-1
-1
-1
-1
0
1
-1
1
1
-1
-1
-1
-1
-1
-1
1
-1
-1
0
-1
-1
-1
-1
-1
1
-1
-1
-1
-1
-1
0
-1
-1
0
0
-1
1
-1
-1
0
0
-1
-1
-1
-1
-1
-1
-1
-1
-1
-1
-1
-1
-1
-1
-1
-1
-1
-1
-1
-1
-1
-1
-1
-1
-1
1
6257 25
-1
-1
0
0
-1
-1
-1
-1
-1
-1
-1
-1
-1
-1
-1
-1
2384 35
-1
-1
-1
0
-1
-1
0
-1
-1
-1
2415 6
-1
1
-1
-1
-1
-1
-1
0
-1
0
-1
-1
-1
-1
-1
-1
0
-1
-1
0
0
-1
5134 6
2501 7
355 35
0
-1
-1
-1
-1
-1
-1
-1
-1
-1
-1
0
-1
-1
0
0
0
-1
-1
0
-1
6850 20
-1
-1
-1
0
0
-1
-1
-1
-1
0
0
-1
-1
-1
1
-1
-1
-1
1
-1
-1
-1
3909 29
2871 33
1
0
-1
-1
-1
-1
-1
-1
0
-1
-1
1
-1
-1
-1
-1
1
-1
1
-1
1
-1
-1
-1
-1
-1
0
1
-1
-1
0
24 21
-1
0
-1
-1
-1
0
-1
-1
-1
-1
-1
0
-1
0
1
0
0
-1
0
-1
-1
-1
4185 29
-1
4847 0
-1
-1
0
7196 11
-1
-1
-1
7282 25
-1
0
1
-1
-1
-1
4425 18
-1
-1
0
1
-1
-1
2883 36
-1
-1
-1
0
0
1
-1
0
-1
1
-1
0
-1
-1
-1
-1
-1
-1
-1
-1
0
-1
-1
-1
-1
0
0
-1
-1
-1
0
-1
1
0
-1
-1
-1
0
0
-1
-1
-1
1
-1
1
0
-1
-1
-1
-1
-1
-1
1
0
-1
-1
-1
1
-1
-1
-1
-1
-1
-1
-1
-1
-1
0
-1
-1
-1
-1
-1
0
1
1
-1
-1
-1
-1
1
-1
-1
-1
0
-1
0
-1
-1
4589 12
-1
5606 25
6648 35
0
-1
-1
1
-1
-1
0
-1
-1
-1
-1
-1
-1
1
-1
0
0
-1
-1
-1
-1
549 21
-1
-1
-1
0
-1
-1
-1
0
1
-1
-1
-1
-1
-1
6665 30
-1
-1
-1
-1
-1
-1
0
-1
-1
-1
-1
-1
0
0
0
3195 18
0
-1
-1
-1
0
-1
0
1069 29
-1
0
-1
0
-1
-1
-1
-1
-1
-1
-1
0
-1
-1
-1
0
0
0
-1
0
-1
-1
1
-1
-1
-1
-1
-1
0
-1
0
-1
-1
-1
-1
0
-1
5050 0
-1
-1
-1
0
0
6307 20
1
-1
-1
-1
6175 29
0
-1
-1
-1
0
-1
-1
1
1
-1
-1
1
1
-1
-1
0
-1
-1
-1
-1
0
-1
-1
-1
-1
-1
-1
-1
-1
0
-1
-1
0
-1
-1
-1
-1
-1
-1
-1
-1
-1
-1
-1
-1
-1
-1
-1
-1
0
-1
0
0
0
-1
0
0
1
-1
-1
-1
1
0
-1
0
-1
0
0
1
-1
-1
-1
0
-1
-1
-1
-1
-1
-1
-1
8671 4
-1
-1
5621 0
0
-1
-1
9464 12
0
-1
-1
-1
0
-1
-1
1
1
0
-1
-1
-1
-1
-1
-1
-1
0
-1
-1
-1
-1
-1
-1
-1
0
1
0
-1
-1
-1
0
-1
1
0
-1
-1
1
-1
-1
5762 40
-1
-1
4776 17
-1
-1
-1
-1
-1
0
-1
-1
-1
-1
0
-1
-1
-1
-1
4745 7
0
1
0
-1
-1
-1
1
0
-1
-1
0
-1
0
7995 5
-1
-1
-1
-1
-1
0
-1
1
-1
-1
-1
-1
-1
-1
-1
-1
0
-1
-1
0
-1
0
0
0
0
-1
-1
0
-1
-1
-1
0
-1
-1
888 7
0
-1
1
1
7496 4
-1
-1
-1
0
-1
-1
0
0
4567 17
-1
-1
-1
-1
0
-1
0
-1
-1
-1
-1
-1
-1
-1
0
-1
-1
-1
0
0
-1
-1
-1
-1
8111 11
-1
1
6448 8
0
-1
-1
-1
-1
-1
1
0
-1
-1
0
0
-1
-1
0
-1
-1
-1
-1
-1
-1
-1
9466 47
-1
-1
520 16
-1
-1
0
-1
-1
-1
-1
-1
1
-1
0
-1
-1
-1
3791 8
-1
0
0
-1
-1
0
-1
-1
0
-1
1
-1
1
-1
0
-1
-1
7608 31
0
132 44
0
-1
-1
0
0
0
0
0
-1
-1
-1
-1
-1
-1
2013 15
-1
-1
-1
-1
-1
-1
-1
-1
-1
-1
-1
-1
-1
0
0
-1
0
-1
0
-1
-1
1
0
0
0
-1
-1
0
1
-1
-1
-1
0
-1
-1
-1
-1
1
-1
0
0
-1
0
1
0
-1
0
1
1
1
0
-1
-1
-1
1
-1
-1
0
3273 24
-1
-1
0
1
-1
-1
-1
1
-1
-1
5223 20
-1
0
-1
-1
0
-1
-1
-1
-1
-1
-1
-1
-1
-1
-1
-1
-1
-1
-1
0
4127 30
-1
-1
-1
0
1
-1
-1
-1
-1
0
-1
0
3160 40
-1
1
-1
7922 12
-1
-1
0
-1
-1
0
-1
-1
0
-1
-1
-1
0
-1
1
-1
-1
-1
-1
-1
-1
-1
-1
-1
-1
330 26
-1
-1
-1
-1
-1
0
0
-1
0
-1
-1
-1
-1
-1
5354 34
-1
0
-1
-1
-1
1
-1
-1
1
-1
9943 9
-1
1
-1
-1
-1
4890 8
-1
0
-1
-1
-1
0
8146 21
-1
0
-1
-1
0
-1
-1
-1
-1
-1
1
-1
-1
0
-1
-1
0
-1
-1
-1
-1
0
-1
0
-1
-1
-1
-1
-1
0
-1
0
-1
-1
-1
-1
1
-1
0
0
-1
-1
-1
-1
-1
6138 25
-1
-1
-1
-1
-1
-1
-1
-1
-1
-1
0
-1
-1
8287 18
-1
-1
-1
0
-1
0
0
-1
0
0
-1
5515 22
-1
-1
-1
-1
-1
-1
0
-1
-1
-1
-1
-1
-1
371 10
-1
-1
-1
1300 20
-1
1
-1
-1
0
-1
-1
-1
-1
-1
-1
-1
-1
6964 1
0
-1
-1
-1
-1
-1
-1
-1
-1
-1
-1
-1
0
-1
7190 24
-1
-1
-1
-1
-1
7200 35
-1
-1
0
-1
-1
-1
-1
-1
-1
0
-1
-1
-1
-1
0
0
0
-1
-1
0
-1
-1
0
-1
-1
0
-1
-1
-1
-1
-1
-1
-1
1
-1
-1
-1
-1
-1
0
-1
-1
1
-1
-1
-1
-1
0
1
-1
1
-1
-1
-1
0
-1
0
-1
-1
0
1
-1
0
-1
1
-1
-1
0
-1
0
1749 6
-1
-1
-1
-1
-1
-1
-1
6224 28
0
1
-1
-1
-1
-1
1
0
2767 40
-1
-1
-1
-1
1
-1
0
1
-1
-1
0
9028 2
-1
0
849 12
2543 32
0
-1
-1
866 30
-1
-1
-1
-1
-1
-1
-1
1
-1
0
-1
-1
0
-1
-1
-1
1
-1
-1
-1
6757 16
-1
-1
1
-1
0
0
-1
-1
-1
-1
0
-1
-1
-1
-1
-1
0
-1
-1
-1
1
-1
-1
-1
1
-1
6319 35
-1
-1
-1
-1
-1
1
-1
-1
0
28 19
-1
-1
0
-1
-1
-1
0
-1
-1
1
0
-1
-1
-1
1
1
-1
0
0
-1
-1
0
-1
-1
-1
-1
-1
-1
-1
-1
-1
-1
-1
-1
-1
-1
-1
-1
1600 5
0
1
0
0
1
-1
-1
-1
-1
-1
-1
-1
-1
-1
-1
1
-1
-1
-1
-1
0
-1
0
-1
-1
1
-1
-1
-1
-1
-1
1
-1
-1
1
-1
1
-1
-1
0
0
-1
-1
-1
1
-1
-1
0
-1
-1
0
-1
-1
-1
-1
1
0
-1
0
-1
-1
-1
0
1
0
-1
-1
7400 37
1
-1
-1
-1
9962 0
1
-1
-1
-1
-1
9737 34
8240 6
-1
-1
-1
-1
0
-1
0
0
-1
0
0
0
-1
-1
-1
0
-1
1
0
-1
0
-1
-1
-1
0
-1
0
4785 21
-1
-1
-1
-1
8604 6
-1
0
-1
-1
-1
-1
0
-1
6556 33
1
-1
-1
0
0
-1
-1
-1
0
1
-1
-1
-1
0
-1
0
-1
-1
-1
-1
-1
0
-1
1515 15
2273 2
-1
-1
-1
-1
-1
-1
-1
-1
-1
-1
-1
-1
3651 40
-1
0
0
-1
-1
-1
-1
-1
-1
-1
-1
1
0
-1
1
-1
0
-1
0
-1
-1
-1
1
-1
-1
0
-1
0
-1
-1
8036 5
-1
2264 5
0
0
-1
-1
-1
0
-1
-1
0
-1
-1
-1
-1
-1
-1
-1
-1
0
2018 39
0
-1
1
8997 17
-1
-1
-1
9422 37
-1
-1
0
-1
0
9964 22
1
-1
0
1
0
1
0
-1
-1
-1
-1
-1
-1
0
-1
-1
-1
0
-1
6437 25
-1
-1
-1
1031 15
0
-1
-1
-1
3621 9
-1
0
0
-1
-1
0
-1
-1
0
-1
0
-1
-1
-1
-1
-1
-1
-1
-1
1
-1
-1
0
-1
-1
-1
-1
-1
-1
-1
-1
-1
-1
-1
-1
-1
-1
-1
-1
-1
-1
-1
-1
-1
-1
-1
-1
1
0
-1
-1
-1
-1
1521 25
0
-1
-1
0
0
0
-1
-1
0
0
-1
-1
-1
0
-1
-1
-1
6844 15
-1
-1
-1
1
-1
-1
0
8595 12
-1
0
-1
-1
-1
0
-1
-1
1
0
-1
-1
1
-1
538 10
1
-1
-1
0
-1
0
-1
-1
-1
1
-1
-1
-1
-1
-1
-1
-1
-1
0
-1
-1
1
-1
0
-1
-1
-1
-1
0
-1
-1
-1
-1
-1
-1
-1
0
-1
-1
0
4081 2
-1
-1
1
-1
0
-1
-1
-1
0
-1
0
0
-1
-1
0
-1
-1
-1
-1
-1
-1
-1
-1
1
0
-1
0
-1
-1
-1
0
-1
-1
-1
1503 8
-1
-1
0
0
-1
-1
-1
0
-1
-1
3572 19
5965 23
1
1
-1
-1
5683 9
-1
1
-1
-1
0
3807 0
-1
-1
-1
-1
-1
8346 30
-1
1907 24
-1
1
-1
0
0
-1
1
-1
-1
0
-1
-1
-1
-1
-1
-1
8121 2
-1
-1
0
-1
-1
-1
-1
0
-1
-1
-1
-1
-1
-1
-1
-1
1
-1
-1
-1
-1
0
1369 20
0
-1
-1
-1
-1
-1
1
-1
1
-1
-1
-1
-1
0
-1
-1
0
-1
4040 7
-1
-1
1
0
-1
0
0
1
3250 1
-1
-1
-1
0
-1
-1
0
-1
1
-1
-1
-1
-1
1096 1
-1
0
-1
-1
-1
0
-1
1
-1
-1
0
-1
-1
1636 17
-1
-1
-1
-1
-1
0
-1
-1
-1
-1
-1
-1
-1
0
-1
-1
0
-1
-1
-1
-1
-1
1
0
-1
-1
0
-1
2025 7
-1
0
1
-1
-1
-1
-1
894 7
-1
0
-1
-1
-1
-1
-1
0
-1
-1
-1
-1
-1
-1
0
-1
1
-1
-1
0
-1
-1
-1
5545 27
-1
-1
-1
-1
-1
-1
0
-1
-1
-1
6713 29
0
-1
-1
835 32
-1
0
1
-1
-1
-1
0
-1
0
-1
0
-1
1
-1
0
-1
0
-1
-1
-1
8908 35
-1
-1
1
-1
-1
-1
-1
0
0
-1
1
-1
-1
-1
-1
0
-1
-1
-1
-1
-1
-1
1
-1
-1
1
-1
6442 34
0
-1
1
0
-1
0
-1
0
-1
-1
-1
-1
-1
-1
-1
0
-1
0
-1
-1
-1
-1
-1
0
1
-1
0
0
-1
1288 29
-1
1568 27
-1
2937 27
-1
-1
1
-1
-1
1
-1
0
-1
0
5307 12
0
-1
-1
-1
-1
-1
-1
-1
0
1
-1
1
6058 31
-1
0
-1
0
-1
-1
0
-1
232 37
-1
-1
0
0
-1
-1
-1
-1
-1
-1
-1
-1
-1
-1
-1
-1
0
-1
-1
0
0
-1
1
-1
0
-1
0
-1
9694 6
-1
9148 15
-1
-1
-1
-1
-1
-1
-1
0
-1
0
-1
-1
-1
-1
-1
0
0
0
-1
-1
-1
0
8429 29
-1
-1
-1
-1
-1
-1
0
-1
-1
0
-1
-1
-1
-1
-1
7427 23
1
-1
-1
-1
0
0
1
-1
0
-1
0
0
-1
-1
-1
0
-1
-1
0
-1
0
0
-1
-1
0
-1
1
978 9
0
0
-1
-1
-1
236 45
-1
9770 31
3436 14
0
-1
0
-1
-1
-1
-1
1
-1
-1
-1
1
-1
-1
-1
-1
-1
-1
-1
-1
-1
0
-1
-1
-1
-1
7492 26
-1
-1
-1
0
0
0
-1
-1
-1
0
1
-1
-1
-1
-1
0
-1
-1
-1
-1
-1
-1
-1
-1
-1
406 7
-1
-1
-1
-1
1
0
-1
-1
0
-1
-1
-1
-1
-1
-1
-1
-1
-1
0
-1
-1
-1
-1
0
-1
1
-1
-1
-1
1
-1
-1
9402 14
-1
-1
-1
1
-1
-1
0
-1
-1
-1
-1
-1
-1
-1
-1
-1
-1
-1
-1
0
-1
1
-1
0
0
-1
1
-1
-1
0
-1
-1
-1
1
1
-1
1190 36
-1
0
-1
-1
-1
0
1
-1
1
0
0
0
-1
-1
-1
-1
0
0
-1
0
0
0
-1
-1
-1
-1
-1
-1
-1
1
-1
-1
-1
-1
-1
0
-1
0
-1
-1
0
-1
0
1
-1
-1
0
-1
0
-1
1
-1
1
-1
-1
-1
-1
-1
0
-1
1
-1
-1
-1
0
-1
-1
1
-1
-1
-1
1545 10
-1
-1
-1
1
-1
9049 15
-1
-1
-1
-1
-1
-1
-1
-1
-1
-1
-1
0
-1
-1
0
-1
-1
0
0
-1
0
0
5587 13
-1
-1
-1
0
3615 28
-1
1
-1
-1
-1
-1
0
1
-1
-1
-1
-1
1923 37
0
-1
-1
-1
-1
-1
-1
-1
-1
-1
-1
-1
2851 7
-1
-1
-1
-1
0
-1
-1
-1
-1
-1
2151 26
-1
-1
1
1
0
3834 40
-1
-1
-1
-1
-1
-1
1
-1
-1
-1
-1
-1
-1
-1
-1
-1
-1
1179 27
0
-1
-1
-1
-1
1691 39
-1
1
-1
3317 40
0
1
0
-1
-1
-1
-1
-1
-1
-1
-1
0
-1
-1
-1
0
0
-1
-1
-1
-1
-1
-1
0
-1
-1
-1
0
-1
-1
-1
0
-1
-1
-1
-1
0
-1
-1
0
-1
8367 34
0
-1
-1
-1
719 5
-1
-1
-1
-1
-1
-1
0
-1
0
0
-1
-1
-1
0
-1
-1
-1
0
-1
-1
0
0
-1
-1
0
-1
-1
0
-1
-1
-1
0
-1
-1
-1
-1
-1
-1
-1
3413 45
1
-1
-1
-1
-1
-1
-1
0
1
-1
-1
-1
-1
3702 21
0
-1
0
-1
1068 1
-1
-1
0
2382 27
-1
-1
-1
-1
0
-1
-1
0
-1
-1
4878 26
-1
0
0
-1
-1
1
1
-1
0
-1
-1
-1
1
-1
0
-1
0
-1
-1
0
-1
-1
-1
-1
-1
0
-1
-1
0
0
8930 20
-1
-1
-1
0
0
-1
-1
-1
0
0
-1
-1
9056 14
-1
-1
1
2204 15
-1
1
-1
-1
0
0
-1
-1
-1
9250 13
-1
-1
-1
-1
1
1
-1
-1
-1
0
1
-1
-1
0
-1
-1
-1
0
-1
-1
-1
-1
-1
-1
-1
-1
0
0
-1
-1
1150 16
-1
-1
-1
1
-1
-1
-1
5447 2
1
0
-1
0
0
-1
-1
0
0
-1
-1
-1
2174 14
1
-1
-1
-1
-1
-1
-1
-1
0
-1
-1
-1
-1
-1
-1
-1
-1
-1
0
-1
-1
0
-1
-1
-1
-1
-1
1
-1
1
-1
-1
-1
0
0
-1
-1
-1
-1
-1
-1
-1
-1
-1
-1
-1
-1
0
0
0
-1
1
-1
-1
-1
0
0
0
-1
-1
0
-1
-1
-1
-1
-1
-1
-1
1
-1
-1
-1
-1
215 28
-1
0
-1
0
-1
-1
-1
0
-1
1
0
1
-1
-1
0
-1
-1
-1
-1
0
-1
-1
-1
-1
-1
-1
-1
-1
-1
1
-1
-1
-1
1
-1
0
0
0
0
1
-1
1
0
1
1
-1
-1
-1
0
-1
-1
-1
-1
-1
-1
-1
-1
-1
-1
1
0
1
-1
0
-1
-1
-1
0
-1
-1
1
-1
0
-1
-1
-1
0
-1
-1
1
8165 25
-1
-1
1
-1
-1
0
0
-1
-1
1
-1
8167 31
-1
7248 33
-1
-1
-1
-1
0
1
-1
-1
-1
-1
1
0
-1
879 22
0
-1
-1
-1
-1
-1
0
-1
-1
-1
-1
-1
-1
-1
-1
-1
-1
-1
-1
-1
-1
-1
-1
-1
-1
-1
-1
1
-1
1
0
2509 13
-1
-1
-1
-1
0
-1
-1
-1
-1
2016 1
-1
-1
-1
-1
0
0
1
-1
-1
-1
-1
-1
-1
3779 0
0
0
0
1
1
-1
-1
-1
-1
-1
0
-1
-1
0
-1
-1
-1
-1
-1
-1
-1
0
-1
-1
0
0
-1
-1
-1
-1
-1
-1
-1
-1
6928 34
-1
1
-1
1
-1
-1
-1
2889 11
-1
0
-1
-1
-1
-1
0
-1
4534 25
-1
0
-1
-1
0
0
-1
-1
-1
1
-1
-1
-1
-1
-1
-1
5918 16
-1
0
0
1
0
-1
-1
-1
-1
2025 7
-1
-1
-1
0
-1
-1
-1
-1
-1
-1
-1
-1
-1
3548 37
9685 21
-1
-1
-1
-1
-1
-1
0
1
1
0
-1
-1
-1
-1
-1
0
1
-1
-1
-1
0
1503 0
1023 15
-1
-1
0
1
-1
-1
0
-1
-1
0
-1
-1
-1
-1
-1
-1
-1
-1
-1
1
-1
-1
-1
-1
-1
-1
1
-1
-1
-1
1284 29
-1
1
-1
0
-1
0
1
1
-1
-1
-1
1
-1
9074 29
-1
0
1
-1
-1
-1
-1
-1
-1
-1
0
-1
-1
-1
685 35
0
-1
-1
-1
0
-1
1
0
-1
1
-1
0
-1
-1
0
-1
-1
-1
0
2337 1
0
-1
-1
1
0
-1
-1
-1
-1
0
-1
-1
-1
3502 33
-1
5395 2
0
-1
-1
-1
0
-1
-1
0
-1
-1
-1
-1
-1
0
-1
-1
-1
-1
-1
-1
-1
1
0
1
0
-1
-1
4456 2
1
0
-1
0
-1
-1
0
-1
-1
-1
0
0
-1
0
0
-1
-1
-1
-1
0
-1
0
-1
-1
-1
-1
-1
-1
-1
1
-1
0
-1
-1
-1
-1
-1
-1
1
-1
1
-1
-1
0
-1
-1
-1
0
-1
0
-1
-1
-1
-1
-1
-1
-1
-1
-1
0
-1
1
7892 37
-1
0
-1
-1
-1
-1
3958 21
5202 11
-1
-1
-1
0
-1
-1
-1
-1
4666 27
-1
-1
-1
-1
1
-1
-1
-1
0
-1
0
-1
-1
-1
-1
-1
-1
0
-1
-1
1
-1
0
-1
0
0
1
-1
-1
-1
-1
-1
-1
-1
0
0
0
-1
5462 0
-1
0
-1
-1
2146 1
1
1
-1
-1
0
-1
-1
-1
0
-1
-1
-1
-1
-1
1
1
-1
1090 29
0
-1
-1
1
0
-1
-1
-1
-1
-1
2616 18
-1
-1
0
-1
-1
0
-1
-1
-1
-1
-1
-1
-1
-1
-1
-1
-1
-1
-1
0
0
-1
-1
-1
-1
-1
2287 31
-1
1
0
-1
-1
-1
-1
9726 16
-1
-1
3646 14
-1
-1
-1
1
-1
-1
1
-1
-1
-1
0
0
-1
-1
-1
-1
-1
0
-1
-1
-1
5840 7
-1
0
-1
-1
0
-1
0
-1
-1
7067 37
1
5907 40
-1
-1
-1
-1
-1
0
-1
7307 34
734 28
-1
-1
5280 32
-1
-1
0
1
-1
-1
1
-1
0
-1
1
-1
-1
-1
-1
1
-1
-1
0
0
-1
1
-1
4418 41
-1
-1
0
-1
1225 11
-1
-1
0
-1
-1
-1
-1
0
0
-1
-1
-1
-1
1
0
-1
-1
-1
-1
-1
-1
-1
-1
-1
-1
-1
-1
-1
-1
0
1
1
-1
0
0
-1
1
-1
-1
6091 19
-1
-1
-1
0
-1
-1
-1
1
-1
1
1
-1
1
-1
1
254 32
8611 12
-1
0
-1
-1
0
-1
0
0
0
-1
1573 20
0
-1
3554 15
-1
-1
-1
-1
-1
-1
-1
0
-1
-1
-1
0
-1
-1
-1
-1
0
-1
-1
-1
-1
0
0
0
-1
-1
-1
-1
1
-1
-1
0
-1
-1
-1
6181 12
-1
-1
-1
0
-1
-1
-1
6769 0
9514 8
-1
-1
6497 1
-1
-1
-1
1
-1
-1
1
0
-1
-1
-1
-1
0
-1
-1
-1
-1
-1
-1
-1
-1
-1
4034 2
-1
-1
-1
9606 21
0
1
-1
1
0
-1
-1
-1
1
-1
0
-1
-1
7533 9
5770 8
1
1
0
-1
-1
-1
7340 41
-1
-1
1
-1
0
-1
0
1
-1
-1
-1
0
-1
1
0
5028 11
-1
-1
1
0
-1
-1
-1
-1
-1
-1
-1
-1
-1
-1
0
1
-1
0
-1
0
-1
0
-1
0
-1
-1
-1
-1
0
-1
-1
0
3078 28
-1
0
-1
-1
-1
-1
1464 25
0
-1
7863 0
0
0
-1
-1
-1
-1
-1
-1
-1
-1
1
-1
-1
-1
0
1
-1
-1
-1
-1
1
1
-1
-1
0
0
-1
0
-1
-1
-1
-1
-1
9253 29
-1
-1
0
-1
-1
-1
-1
-1
-1
1
0
-1
-1
-1
-1
-1
0
4397 11
-1
-1
0
1
0
-1
-1
-1
9057 13
-1
-1
0
-1
0
-1
0
-1
0
-1
-1
-1
-1
-1
1
-1
-1
-1
-1
1
9277 34
-1
-1
-1
-1
1
-1
1
-1
0
-1
-1
-1
0
-1
0
-1
-1
0
0
-1
-1
-1
-1
5664 25
-1
0
-1
0
0
-1
-1
-1
-1
-1
-1
-1
-1
0
1
-1
-1
-1
-1
-1
-1
-1
0
0
-1
-1
-1
-1
1
-1
-1
-1
-1
-1
2648 13
-1
-1
-1
-1
0
-1
0
5662 18
0
-1
2275 0
-1
6960 2
0
-1
0
-1
-1
0
-1
-1
-1
-1
0
0
0
-1
0
-1
-1
-1
-1
9664 15
1
-1
1
0
-1
0
-1
-1
0
-1
-1
1
-1
-1
-1
-1
-1
-1
-1
-1
-1
-1
-1
-1
-1
0
-1
-1
-1
1
-1
-1
1
-1
-1
0
-1
-1
-1
-1
-1
-1
0
-1
1
-1
-1
0
-1
-1
-1
-1
-1
-1
0
-1
0
-1
-1
167 26
0
9244 0
0
-1
0
-1
-1
-1
0
1
0
-1
-1
-1
-1
-1
1
0
1
1
-1
1
0
-1
-1
-1
-1
2820 39
708 8
0
0
2022 34
-1
0
-1
-1
0
-1
-1
-1
0
-1
-1
-1
-1
-1
0
-1
-1
6453 1
1
-1
0
0
-1
-1
0
-1
-1
-1
-1
-1
0
-1
-1
-1
-1
-1
-1
-1
-1
-1
-1
0
5598 29
-1
-1
-1
5609 38
0
0
-1
1
-1
-1
6164 2
1
0
-1
-1
1
-1
0
-1
-1
-1
-1
0
-1
-1
-1
0
-1
-1
-1
-1
-1
-1
-1
0
-1
0
-1
-1
0
-1
0
0
0
0
0
0
1765 0
-1
-1
-1
3208 30
-1
-1
-1
0
-1
4162 11
-1
-1
-1
-1
-1
-1
0
0
-1
0
-1
-1
9538 2
-1
0
1
-1
1
-1
-1
-1
-1
-1
-1
1
8890 5
0
-1
-1
2165 37
-1
-1
-1
-1
-1
1
-1
-1
-1
8048 1
-1
-1
0
-1
6308 9
-1
-1
-1
-1
-1
-1
-1
-1
-1
-1
-1
1
-1
-1
-1
-1
-1
-1
-1
0
0
-1
0
-1
-1
-1
-1
-1
-1
-1
-1
0
-1
-1
0
0
0
0
-1
-1
-1
-1
-1
0
-1
-1
-1
-1
-1
4681 38
-1
-1
-1
-1
-1
0
0
-1
-1
-1
-1
-1
-1
-1
0
-1
0
-1
-1
-1
-1
-1
0
-1
8028 20
-1
-1
0
-1
-1
-1
-1
0
0
-1
-1
-1
-1
0
-1
-1
-1
0
-1
-1
0
1
-1
-1
-1
0
-1
-1
-1
-1
-1
7434 42
1
-1
-1
-1
0
-1
-1
-1
0
-1
0
-1
0
-1
-1
1
-1
1
-1
-1
0
-1
-1
0
-1
-1
-1
-1
-1
-1
0
0
-1
0
-1
-1
0
0
-1
-1
-1
-1
0
0
-1
-1
0
-1
-1
0
-1
-1
0
-1
-1
-1
-1
0
-1
6723 11
-1
0
9089 9
-1
3955 36
0
-1
-1
-1
-1
-1
-1
-1
-1
0
-1
-1
-1
-1
-1
-1
-1
1
-1
-1
0
2645 21
2761 43
1
-1
9631 25
1
0
-1
-1
-1
1
-1
-1
1
-1
-1
-1
0
-1
-1
0
1
-1
-1
-1
386 17
-1
6714 29
8158 33
-1
-1
-1
0
0
-1
-1
1
-1
-1
-1
3498 25
0
0
-1
-1
-1
0
-1
-1
-1
0
-1
-1
-1
-1
-1
-1
1
-1
-1
-1
-1
1522 32
-1
-1
-1
-1
-1
0
0
7473 32
-1
-1
-1
-1
-1
0
-1
-1
-1
1
-1
0
-1
0
-1
0
-1
1
6004 27
-1
0
-1
-1
0
0
-1
-1
0
0
2293 12
-1
-1
-1
-1
-1
1
0
0
-1
-1
1
-1
0
-1
-1
1139 29
-1
4237 32
-1
-1
-1
0
0
4058 22
1
-1
-1
-1
-1
-1
1
-1
-1
0
-1
-1
-1
9248 19
-1
-1
-1
-1
-1
-1
-1
9881 6
-1
-1
1
-1
0
-1
0
-1
-1
-1
-1
-1
1
0
-1
-1
-1
0
5540 8
-1
0
-1
0
0
-1
-1
-1
-1
-1
0
-1
-1
-1
-1
-1
0
1
0
-1
-1
1
3288 24
-1
-1
0
-1
-1
-1
-1
-1
-1
-1
-1
-1
-1
-1
1
-1
-1
-1
0
-1
-1
-1
-1
-1
1
-1
1
0
-1
-1
-1
0
669 11
-1
0
0
-1
-1
-1
1
0
0
-1
-1
-1
1
0
0
-1
0
-1
-1
0
-1
-1
9993 16
-1
0
0
-1
-1
0
0
0
-1
-1
-1
-1
5569 19
-1
1868 7
-1
-1
0
-1
-1
-1
-1
-1
-1
3144 6
-1
0
8149 11
0
-1
0
-1
0
-1
-1
0
-1
-1
0
0
0
-1
0
-1
-1
-1
1
-1
-1
-1
-1
-1
0
-1
1
-1
-1
-1
-1
-1
-1
-1
0
-1
-1
-1
-1
-1
-1
0
-1
-1
-1
-1
-1
0
0
632 18
2498 23
1
4778 31
8451 10
-1
-1
-1
-1
-1
-1
-1
-1
-1
0
-1
-1
-1
-1
-1
-1
-1
-1
-1
1
-1
0
0
3481 4
-1
0
-1
5399 6
-1
-1
-1
-1
0
-1
-1
-1
-1
-1
-1
0
-1
1
-1
-1
3058 51
0
1
-1
0
3259 21
-1
-1
-1
0
-1
6355 38
-1
1
1
-1
-1
-1
1
-1
1
-1
-1
0
-1
-1
-1
-1
-1
-1
-1
-1
-1
-1
0
-1
1
-1
1
0
-1
-1
1
-1
-1
-1
-1
-1
-1
-1
-1
4584 22
0
-1
-1
-1
-1
0
-1
-1
-1
-1
-1
-1
-1
1784 21
1
0
0
0
0
-1
-1
0
0
-1
0
1
-1
-1
2831 32
1
-1
0
-1
-1
-1
0
0
-1
-1
-1
-1
-1
-1
-1
0
-1
-1
0
-1
0
0
-1
1
-1
-1
-1
-1
-1
-1
-1
1
-1
-1
-1
-1
-1
-1
-1
5149 24
0
-1
-1
-1
9594 20
-1
-1
0
-1
-1
0
-1
-1
-1
-1
-1
-1
6614 10
0
-1
6767 25
8349 5
-1
-1
7984 23
-1
881 3
-1
0
0
-1
-1
0
0
-1
0
-1
-1
0
-1
-1
-1
0
-1
1
-1
-1
-1
-1
1
-1
1
1150 36
0
0
-1
0
0
9166 35
0
-1
-1
-1
-1
0
-1
-1
-1
-1
0
-1
-1
-1
-1
1
0
-1
-1
-1
-1
-1
-1
0
-1
-1
1
-1
-1
0
-1
-1
-1
0
-1
-1
-1
-1
-1
0
-1
-1
-1
-1
-1
-1
-1
262 11
-1
-1
0
-1
-1
0
-1
-1
-1
0
1702 10
-1
-1
1
-1
0
1
-1
-1
-1
-1
-1
0
-1
-1
-1
0
-1
-1
-1
-1
0
0
0
-1
-1
-1
0
-1
0
0
-1
-1
0
-1
-1
0
0
-1
-1
0
-1
-1
-1
-1
-1
-1
-1
0
-1
1
0
-1
-1
-1
-1
-1
-1
-1
-1
-1
-1
2087 28
-1
-1
-1
-1
-1
1
-1
1
-1
-1
-1
0
-1
-1
-1
-1
0
-1
-1
-1
-1
-1
-1
-1
-1
-1
-1
0
0
-1
0
-1
7184 3
1
1
-1
0
-1
-1
-1
-1
0
-1
-1
-1
0
-1
-1
-1
-1
0
-1
-1
-1
-1
-1
-1
1
-1
-1
-1
-1
-1
0
-1
-1
-1
-1
0
-1
-1
-1
-1
0
-1
-1
-1
-1
-1
-1
0
-1
-1
-1
3575 3
-1
-1
1
0
1
-1
0
-1
-1
-1
-1
-1
-1
-1
-1
8938 3
1
0
0
0
0
-1
-1
1
1
1
0
1
-1
-1
-1
-1
-1
-1
1
-1
-1
-1
-1
1
0
-1
-1
-1
-1
-1
-1
0
-1
0
1034 3
0
0
0
-1
-1
-1
-1
-1
-1
-1
0
-1
0
0
-1
-1
0
1
-1
-1
-1
-1
-1
1878 35
-1
-1
-1
-1
8728 30
0
-1
-1
-1
-1
-1
0
1
-1
0
-1
-1
-1
-1
-1
-1
-1
-1
-1
-1
-1
-1
0
-1
-1
-1
-1
-1
-1
0
9245 2
-1
-1
0
-1
-1
-1
-1
-1
0
-1
0
0
-1
4040 8
0
-1
-1
-1
-1
-1
-1
0
1
-1
1
-1
0
-1
-1
4659 31
0
-1
0
-1
-1
6987 17
0
-1
-1
-1
1
1
2960 4
-1
-1
0
0
5385 13
-1
4699 12
-1
-1
0
1
2972 33
1
-1
1
-1
-1
-1
-1
-1
-1
0
-1
8870 24
2826 17
-1
-1
-1
-1
0
-1
-1
-1
-1
0
-1
-1
-1
5560 38
-1
-1
-1
0
-1
1
0
-1
-1
-1
-1
-1
-1
0
-1
0
1
-1
1
-1
-1
-1
1
-1
-1
-1
-1
-1
-1
-1
-1
1
0
0
-1
-1
-1
-1
-1
-1
-1
-1
0
-1
-1
-1
-1
-1
-1
-1
1
1
-1
-1
0
0
8651 35
-1
-1
-1
0
-1
0
-1
1
-1
-1
-1
0
1
0
-1
-1
-1
-1
1
877 33
0
-1
0
-1
-1
0
-1
0
0
0
-1
-1
-1
-1
1318 21
-1
-1
-1
-1
-1
1
-1
-1
-1
-1
-1
-1
-1
-1
-1
0
0
-1
-1
-1
-1
6454 14
-1
0
0
0
0
1
-1
-1
0
-1
-1
-1
-1
-1
-1
-1
0
-1
-1
-1
-1
3259 21
1
-1
-1
0
-1
1573 5
-1
-1
-1
-1
-1
3839 36
-1
-1
-1
-1
-1
0
7075 27
-1
0
-1
-1
5890 28
1
7718 35
0
-1
-1
-1
-1
-1
-1
-1
-1
474 9
0
-1
0
-1
0
-1
-1
-1
-1
0
-1
-1
-1
-1
-1
0
-1
-1
-1
-1
1
-1
0
-1
0
0
-1
-1
0
-1
-1
-1
-1
-1
5945 38
-1
0
-1
-1
-1
-1
-1
-1
-1
-1
1058 21
818 10
-1
620 26
-1
-1
0
2300 36
-1
-1
-1
-1
-1
0
0
-1
-1
-1
-1
1
-1
-1
-1
-1
-1
-1
-1
-1
-1
-1
3316 34
-1
-1
0
-1
1
-1
1
-1
-1
0
9714 4
-1
-1
0
0
-1
-1
-1
-1
0
-1
1
-1
-1
7055 2
-1
-1
-1
-1
-1
-1
0
-1
-1
-1
0
-1
-1
-1
0
-1
-1
-1
0
-1
0
1
-1
0
-1
-1
0
-1
-1
0
-1
-1
-1
-1
0
0
-1
-1
-1
-1
-1
-1
0
0
-1
-1
-1
0
-1
-1
-1
-1
-1
-1
-1
-1
-1
7374 18
1
1316 4
8362 6
-1
-1
-1
0
-1
-1
-1
-1
7727 17
0
1
0
1
-1
1
-1
0
-1
-1
1
-1
-1
-1
-1
-1
-1
0
-1
-1
-1
-1
0
0
-1
-1
-1
-1
-1
0
-1
890 15
-1
0
-1
1
1
-1
-1
0
-1
-1
-1
-1
-1
1
-1
1211 0
-1
-1
-1
-1
1
8182 41
0
1
0
-1
-1
-1
-1
0
0
-1
-1
-1
0
-1
0
-1
-1
0
0
-1
-1
-1
-1
-1
-1
-1
-1
2335 25
0
-1
-1
0
-1
-1
-1
793 6
-1
-1
-1
-1
1
1
-1
-1
-1
0
-1
0
-1
8097 26
-1
-1
-1
0
0
1
-1
4388 25
0
-1
0
0
-1
-1
0
-1
-1
-1
0
-1
-1
0
-1
-1
0
-1
-1
-1
0
-1
-1
-1
-1
-1
-1
0
0
-1
-1
-1
-1
-1
0
-1
-1
-1
-1
0
-1
-1
-1
-1
-1
-1
-1
0
-1
5960 18
-1
-1
-1
0
1454 1
0
-1
-1
-1
-1
-1
-1
-1
-1
0
0
0
-1
-1
-1
7292 32
9633 6
2519 35
-1
-1
-1
-1
-1
-1
-1
-1
-1
5930 37
0
-1
-1
-1
-1
-1
6634 13
-1
-1
-1
0
0
-1
-1
-1
1
0
0
-1
-1
0
0
-1
0
561 4
-1
-1
0
-1
0
6966 7
-1
-1
-1
-1
0
0
1
0
-1
-1
-1
0
-1
0
0
-1
-1
-1
-1
-1
-1
8166 4
-1
-1
-1
-1
0
0
-1
1687 17
-1
-1
-1
-1
-1
-1
0
0
9958 3
-1
-1
-1
0
-1
0
0
-1
-1
-1
-1
1
1
-1
-1
-1
-1
0
0
0
-1
-1
-1
2119 2
-1
-1
-1
0
-1
-1
-1
0
-1
-1
1
-1
-1
-1
-1
-1
-1
-1
-1
-1
-1
-1
0
-1
-1
-1
-1
-1
0
-1
-1
1808 33
1
-1
-1
-1
-1
-1
-1
-1
-1
-1
1
0
-1
-1
-1
0
0
1315 18
-1
-1
1
-1
1
1
-1
0
1
-1
-1
-1
-1
0
-1
0
0
-1
-1
0
-1
-1
-1
-1
0
-1
-1
-1
-1
0
-1
-1
0
-1
-1
-1
-1
-1
-1
3089 6
0
-1
-1
-1
-1
0
-1
1
0
-1
0
-1
0
-1
-1
0
1
-1
0
-1
-1
-1
-1
0
-1
-1
-1
-1
-1
-1
-1
-1
1641 4
1
-1
-1
-1
-1
-1
-1
-1
1
18 9
-1
-1
-1
-1
0
0
-1
0
5557 13
-1
-1
-1
0
0
0
-1
0
-1
-1
-1
0
6511 13
-1
-1
-1
1
-1
0
-1
39 47
0
-1
-1
0
0
-1
2099 33
1
-1
-1
1
1
0
-1
-1
-1
-1
0
-1
-1
-1
-1
-1
-1
-1
-1
-1
-1
1
-1
-1
1
-1
-1
8523 4
-1
1
-1
-1
-1
-1
-1
-1
-1
0
-1
1
0
-1
-1
-1
-1
-1
1591 13
-1
-1
-1
-1
3648 3
0
-1
-1
-1
-1
-1
-1
0
-1
-1
-1
-1
-1
1
0
0
-1
0
0
-1
-1
-1
-1
-1
-1
-1
0
0
0
-1
-1
0
0
387 21
1
-1
-1
0
-1
-1
-1
-1
-1
-1
-1
-1
-1
-1
-1
-1
-1
-1
-1
-1
-1
-1
1
1
-1
0
0
0
1
-1
623 33
-1
1
0
-1
0
-1
-1
1
-1
0
1
-1
-1
-1
-1
-1
0
-1
-1
1
-1
0
-1
-1
-1
-1
-1
-1
-1
5761 15
-1
-1
-1
-1
-1
-1
-1
-1
0
7669 29
-1
-1
0
-1
-1
-1
-1
0
1
0
-1
0
0
1
0
0
1
-1
-1
-1
-1
0
-1
-1
1
-1
-1
-1
-1
0
0
-1
1
-1
0
-1
0
-1
1
-1
-1
-1
-1
0
-1
-1
-1
-1
-1
-1
-1
-1
0
-1
-1
-1
-1
-1
-1
1
0
-1
-1
-1
-1
-1
0
1
-1
-1
-1
-1
-1
3776 46
0
-1
-1
-1
0
-1
0
0
1
-1
-1
-1
0
-1
-1
1530 15
-1
0
-1
-1
1
-1
-1
-1
-1
-1
-1
-1
0
0
-1
1
-1
-1
2145 37
-1
-1
1
-1
-1
-1
1
-1
-1
1
0
0
-1
-1
-1
-1
-1
0
3971 0
1134 8
-1
-1
-1
-1
0
-1
-1
0
0
-1
-1
-1
-1
-1
0
-1
-1
-1
-1
0
-1
0
-1
-1
-1
3037 6
1
1
-1
4778 19
-1
-1
-1
-1
-1
-1
-1
-1
0
-1
-1
-1
1
-1
-1
0
-1
-1
-1
1
-1
-1
0
-1
-1
-1
0
-1
-1
0
-1
-1
-1
-1
-1
-1
0
-1
0
2090 29
-1
-1
-1
1528 10
-1
5003 27
-1
-1
1
-1
-1
-1
-1
8816 12
-1
-1
0
0
0
-1
-1
0
-1
-1
-1
-1
-1
-1
1
1
-1
-1
-1
0
-1
-1
-1
-1
-1
0
-1
-1
0
-1
-1
-1
-1
-1
-1
0
-1
1
1
8005 18
2871 21
-1
0
-1
-1
-1
-1
-1
-1
1
-1
-1
0
-1
-1
0
-1
4054 10
0
-1
2020 12
1
0
0
0
0
-1
-1
-1
-1
-1
-1
-1
1
0
0
-1
-1
-1
0
1
-1
-1
-1
-1
-1
-1
-1
0
-1
-1
-1
-1
1
-1
-1
0
-1
-1
1
1
-1
-1
-1
-1
-1
-1
0
0
-1
0
-1
-1
-1
-1
0
-1
-1
8639 18
-1
-1
-1
-1
-1
-1
-1
-1
-1
0
-1
-1
0
1
456 20
-1
-1
-1
-1
-1
-1
-1
-1
-1
-1
1
0
-1
-1
0
0
-1
0
-1
0
1
-1
-1
0
-1
-1
0
-1
-1
-1
-1
-1
-1
0
-1
0
-1
0
-1
0
1
-1
-1
-1
6677 25
-1
8600 32
-1
0
0
0
-1
1
0
-1
-1
-1
6298 28
-1
-1
-1
0
-1
1
-1
0
-1
-1
-1
-1
-1
-1
-1
0
1
-1
7566 22
1
0
-1
-1
0
-1
-1
-1
0
-1
-1
1
1
-1
0
-1
0
-1
0
-1
-1
-1
0
1
-1
-1
8393 33
1
0
-1
0
3027 40
-1
-1
0
-1
0
-1
9561 12
1
0
-1
1
-1
-1
-1
0
0
0
0
-1
0
0
0
1
0
-1
-1
0
4781 9
-1
0
-1
-1
-1
0
-1
0
0
-1
-1
-1
0
-1
-1
0
1
-1
-1
-1
0
-1
-1
0
-1
-1
0
-1
-1
-1
0
-1
1
-1
-1
-1
0
-1
-1
-1
-1
-1
-1
-1
-1
-1
0
-1
-1
0
-1
-1
-1
1
1221 16
-1
-1
-1
-1
-1
-1
0
-1
0
-1
-1
9791 24
-1
-1
-1
-1
-1
-1
0
0
-1
-1
-1
-1
-1
-1
1
0
1
1
1
-1
-1
0
-1
-1
-1
-1
-1
-1
-1
1
-1
-1
1
0
1
-1
-1
-1
0
-1
-1
-1
0
-1
9942 31
-1
-1
-1
-1
0
-1
-1
0
-1
-1
-1
-1
0
-1
-1
-1
-1
-1
0
-1
0
-1
-1
-1
-1
1
0
-1
0
0
-1
-1
-1
0
-1
-1
-1
-1
-1
-1
-1
1
0
-1
1
0
-1
8723 40
-1
-1
-1
-1
-1
-1
0
-1
-1
-1
1
1
-1
-1
1
1
8892 15
-1
0
1
-1
0
-1
0
-1
-1
-1
-1
-1
1
-1
-1
-1
0
-1
-1
-1
-1
0
-1
26 6
-1
-1
-1
-1
-1
0
-1
-1
-1
-1
-1
-1
-1
-1
-1
0
-1
-1
4319 12
1
7611 36
-1
1
1
-1
-1
-1
-1
-1
-1
-1
-1
-1
-1
0
3734 25
-1
-1
-1
1
-1
0
-1
0
-1
-1
-1
-1
-1
-1
-1
-1
0
-1
-1
-1
0
1
0
-1
-1
-1
6695 27
-1
0
-1
-1
-1
1
8763 30
-1
-1
0
-1
-1
-1
-1
-1
0
-1
-1
-1
1
-1
-1
0
1
0
-1
0
6043 9
-1
-1
0
-1
0
-1
-1
1
1
-1
-1
-1
167 7
-1
-1
-1
-1
-1
1
-1
-1
-1
1
-1
1
-1
-1
-1
0
0
-1
1
-1
-1
-1
-1
-1
-1
-1
-1
-1
0
-1
-1
1
6405 8
-1
4563 30
-1
0
0
-1
-1
392 37
-1
0
-1
0
0
-1
-1
-1
-1
-1
-1
-1
-1
-1
0
0
0
0
-1
1
0
-1
0
-1
0
-1
-1
-1
0
-1
-1
0
-1
0
-1
0
-1
-1
-1
0
1
-1
-1
-1
-1
0
-1
-1
0
0
1
5031 15
0
1
-1
-1
1
-1
-1
-1
-1
-1
0
0
-1
0
-1
-1
-1
-1
0
1
-1
-1
8595 31
-1
-1
-1
-1
-1
0
0
7352 16
0
-1
-1
-1
-1
1
-1
0
0
-1
-1
4376 12
-1
0
-1
-1
1
-1
-1
-1
-1
-1
-1
-1
-1
0
0
0
-1
-1
0
-1
1338 6
1
-1
0
-1
-1
-1
0
-1
-1
-1
1036 2
0
0
-1
-1
0
6597 1
0
1
-1
-1
-1
0
-1
-1
-1
-1
0
1
-1
-1
-1
-1
1
-1
0
-1
0
-1
1
0
0
-1
-1
-1
0
-1
-1
-1
-1
-1
-1
-1
0
-1
-1
1
-1
-1
-1
-1
-1
-1
-1
-1
-1
-1
-1
-1
0
-1
-1
-1
-1
-1
-1
-1
-1
-1
1
-1
-1
-1
-1
-1
-1
-1
-1
-1
-1
0
-1
1
-1
-1
-1
-1
-1
0
0
-1
1
-1
-1
-1
-1
0
-1
9060 20
1
-1
-1
-1
-1
-1
0
-1
0
-1
-1
-1
-1
-1
-1
1
-1
-1
-1
-1
0
0
-1
-1
-1
-1
-1
1
-1
-1
-1
-1
0
-1
-1
0
-1
-1
-1
-1
-1
-1
-1
-1
-1
0
-1
-1
-1
-1
-1
-1
-1
-1
6410 13
1
-1
0
-1
0
-1
0
0
-1
1
-1
-1
-1
5707 34
0
1
-1
0
-1
-1
0
0
-1
0
-1
-1
0
-1
-1
-1
-1
3465 21
-1
-1
-1
0
0
-1
0
-1
-1
-1
0
0
-1
-1
0
1
-1
-1
-1
0
-1
-1
6071 36
-1
2032 20
-1
-1
1
